DATUM;1(DA1);2(DA2);3(DA3);4(DB1);5(DB2);6(DB3);7(DC1);8(DC2)
2019-11-10 00:00:00;13;13;7;3;5;10;31;11
2019-11-10 00:15:00;20;17;16;4;5;19;24;16
2019-11-10 00:30:00;21;18;11;6;7;13;22;12
2019-11-10 00:45:00;22;17;18;9;4;13;17;10
2019-11-10 01:00:00;8;17;12;4;3;6;20;8
2019-11-10 01:15:00;10;15;15;5;4;6;22;11
2019-11-10 01:30:00;15;7;10;4;3;8;19;6
2019-11-10 01:45:00;16;18;17;6;5;8;23;9
2019-11-10 02:00:00;15;10;11;4;3;7;15;6
2019-11-10 02:15:00;11;12;5;4;4;11;14;4
2019-11-10 02:30:00;8;6;5;5;4;8;11;4
2019-11-10 02:45:00;6;11;7;3;4;7;16;7
2019-11-10 03:00:00;1;8;3;2;3;6;4;6
2019-11-10 03:15:00;9;11;5;0;0;0;8;11
2019-11-10 03:30:00;5;5;2;2;1;4;7;6
2019-11-10 03:45:00;7;3;4;4;4;4;11;3
2019-11-10 04:00:00;6;2;2;3;3;3;8;5
2019-11-10 04:15:00;3;6;2;1;2;2;7;3
2019-11-10 04:30:00;5;5;2;3;1;3;5;5
2019-11-10 04:45:00;9;2;1;5;5;10;11;7
2019-11-10 05:00:00;4;5;2;0;1;2;10;3
2019-11-10 05:15:00;12;6;4;7;7;8;10;6
2019-11-10 05:30:00;3;9;3;3;2;8;11;4
2019-11-10 05:45:00;6;2;4;3;2;5;8;2
2019-11-10 06:00:00;8;5;11;5;5;12;11;7
2019-11-10 06:15:00;6;4;3;8;3;13;10;3
2019-11-10 06:30:00;11;10;6;4;2;13;13;4
2019-11-10 06:45:00;3;8;11;6;6;6;11;8
2019-11-10 07:00:00;9;14;12;3;3;9;8;5
2019-11-10 07:15:00;8;11;2;11;10;13;12;2
2019-11-10 07:30:00;11;9;10;18;7;22;8;4
2019-11-10 07:45:00;13;17;10;16;13;26;23;7
2019-11-10 08:00:00;18;14;12;22;17;28;27;4
2019-11-10 08:15:00;18;26;21;26;35;50;30;10
2019-11-10 08:30:00;25;33;11;27;26;46;42;13
2019-11-10 08:45:00;33;34;36;16;27;45;53;20
2019-11-10 09:00:00;40;40;17;16;20;44;34;22
2019-11-10 09:15:00;34;31;20;28;27;58;37;27
2019-11-10 09:30:00;42;38;21;23;27;66;49;26
2019-11-10 09:45:00;55;48;32;35;32;78;57;34
2019-11-10 10:00:00;48;44;28;27;34;69;24;24
2019-11-10 10:15:00;46;48;25;34;36;74;46;27
2019-11-10 10:30:00;46;39;23;17;25;52;38;39
2019-11-10 10:45:00;60;50;32;30;30;75;46;40
2019-11-10 11:00:00;48;50;36;29;36;73;60;44
2019-11-10 11:15:00;55;60;38;31;31;82;56;44
2019-11-10 11:30:00;50;71;43;35;31;78;62;48
2019-11-10 11:45:00;48;55;30;26;35;81;46;55
2019-11-10 12:00:00;46;44;28;23;23;52;64;59
2019-11-10 12:15:00;39;42;36;18;22;61;37;44
2019-11-10 12:30:00;43;42;33;63;33;66;61;48
2019-11-10 12:45:00;45;48;36;22;18;59;61;55
2019-11-10 13:00:00;43;39;54;72;25;69;53;41
2019-11-10 13:15:00;40;58;38;33;28;67;52;43
2019-11-10 13:30:00;53;53;42;22;9;56;60;42
2019-11-10 13:45:00;56;54;45;69;29;78;65;57
2019-11-10 14:00:00;57;54;41;31;25;74;62;38
2019-11-10 14:15:00;46;49;40;23;18;60;64;49
2019-11-10 14:30:00;54;45;46;58;20;66;68;45
2019-11-10 14:45:00;49;58;63;102;38;96;65;62
2019-11-10 15:00:00;44;50;49;42;28;76;62;46
2019-11-10 15:15:00;40;51;29;26;20;54;59;54
2019-11-10 15:30:00;47;43;35;35;21;81;52;51
2019-11-10 15:45:00;44;51;34;93;26;58;67;46
2019-11-10 16:00:00;56;47;31;27;21;66;56;52
2019-11-10 16:15:00;50;48;45;21;25;66;49;48
2019-11-10 16:30:00;54;61;58;25;39;88;55;49
2019-11-10 16:45:00;50;57;46;19;31;85;66;58
2019-11-10 17:00:00;44;54;42;23;20;71;61;56
2019-11-10 17:15:00;52;52;74;26;33;90;69;63
2019-11-10 17:30:00;49;55;65;21;23;81;69;74
2019-11-10 17:45:00;42;54;35;30;26;80;83;74
2019-11-10 18:00:00;36;41;30;21;25;81;75;56
2019-11-10 18:15:00;34;47;25;14;13;53;70;59
2019-11-10 18:30:00;35;53;41;24;31;77;61;59
2019-11-10 18:45:00;44;39;45;20;22;78;60;59
2019-11-10 19:00:00;29;37;29;14;16;61;61;65
2019-11-10 19:15:00;33;42;39;16;19;57;55;44
2019-11-10 19:30:00;31;46;33;9;11;46;45;37
2019-11-10 19:45:00;36;34;23;24;26;64;45;42
2019-11-10 20:00:00;29;29;23;20;25;50;46;42
2019-11-10 20:15:00;35;30;26;21;14;48;41;27
2019-11-10 20:30:00;23;27;19;15;11;48;50;36
2019-11-10 20:45:00;18;28;22;19;14;49;43;29
2019-11-10 21:00:00;24;31;36;11;9;39;41;37
2019-11-10 21:15:00;19;23;16;17;11;54;34;17
2019-11-10 21:30:00;14;18;20;15;42;36;35;17
2019-11-10 21:45:00;15;13;13;8;4;30;33;18
2019-11-10 22:00:00;21;19;16;17;10;31;37;18
2019-11-10 22:15:00;18;16;9;6;4;28;22;25
2019-11-10 22:30:00;14;11;10;12;9;29;28;21
2019-11-10 22:45:00;8;20;17;8;6;27;20;8
2019-11-10 23:00:00;8;13;11;6;6;26;16;12
2019-11-10 23:15:00;8;15;7;3;3;16;15;6
2019-11-10 23:30:00;3;10;6;5;6;19;19;9
2019-11-10 23:45:00;4;11;5;6;10;18;15;8
